# Matter power spectrum P(k) at redshift z=0
# for k=1.04978e-05 to 67.0701 h/Mpc,
# number of wavenumbers equal to 621
#    1:k (h/Mpc)              2:P (Mpc/h)^3        
       1.049781337431e-05       4.729722795561e+01 
       2.344231599771e-05       1.027750670490e+02 
       3.643277991553e-05       1.573513583071e+02 
       4.950450360495e-05       2.115879672924e+02 
       6.269337501808e-05       2.658094407437e+02 
       7.603619473786e-05       3.202619806166e+02 
       8.957100956350e-05       3.751581088874e+02 
       1.033374610026e-04       4.306950010013e+02 
       1.173771531810e-04       4.870639818049e+02 
       1.317340447162e-04       5.444563046951e+02 
       1.464548691018e-04       6.030672245570e+02 
       1.615895880888e-04       6.630991971748e+02 
       1.771918823522e-04       7.247646495789e+02 
       1.933196833368e-04       7.882885285059e+02 
       2.100357494730e-04       8.539107720683e+02 
       2.274082888013e-04       9.218887553815e+02 
       2.455116282683e-04       9.924997615692e+02 
       2.644269273213e-04       1.066043482971e+03 
       2.842429296408e-04       1.142844516040e+03 
       3.050567415675e-04       1.223254835762e+03 
       3.269746185922e-04       1.307656142580e+03 
       3.501127317715e-04       1.396461967658e+03 
       3.745978737094e-04       1.490119378107e+03 
       4.005680485638e-04       1.589110046614e+03 
       4.281728724602e-04       1.693950387978e+03 
       4.575736903484e-04       1.805190427973e+03 
       4.889432942609e-04       1.923410921172e+03 
       5.224651089621e-04       2.049218302983e+03 
       5.583316986351e-04       2.183236903783e+03 
       5.967424488975e-04       2.326098017606e+03 
       6.379002999758e-04       2.478425414611e+03 
       6.820074575460e-04       2.640817262413e+03 
       7.292600938832e-04       2.813824643740e+03 
       7.798421743957e-04       2.997927399642e+03 
       8.339186947641e-04       3.193508698621e+03 
       8.916287708054e-04       3.400830002755e+03 
       9.530791539542e-04       3.620008949602e+03 
       1.018338811029e-03       3.851002391663e+03 
       1.087435174352e-03       4.093596879159e+03 
       1.160352523480e-03       4.347408173706e+03 
       1.237032718673e-03       4.611890227162e+03 
       1.317378214448e-03       4.886353140466e+03 
       1.401257002207e-03       5.169960942360e+03 
       1.488508923731e-03       5.461826762114e+03 
       1.578952699457e-03       5.761005228713e+03 
       1.672393031881e-03       6.066510328741e+03 
       1.768627251375e-03       6.377354538733e+03 
       1.867451129678e-03       6.692571708175e+03 
       1.968663654702e-03       7.011234726403e+03 
       2.072070708335e-03       7.332469101208e+03 
       2.177487699890e-03       7.655461455442e+03 
       2.284741277987e-03       7.979464739273e+03 
       2.393670277576e-03       8.303799811733e+03 
       2.504126065573e-03       8.627853606373e+03 
       2.615972437634e-03       8.951079442979e+03 
       2.729085198137e-03       9.272989767263e+03 
       2.843351531454e-03       9.593155069255e+03 
       2.958669248968e-03       9.911196621045e+03 
       3.074945975148e-03       1.022678377358e+04 
       3.192098318248e-03       1.053962845973e+04 
       3.310051057000e-03       1.084948081498e+04 
       3.428736363756e-03       1.115612558325e+04 
       3.548093076365e-03       1.145937515113e+04 
       3.668066025204e-03       1.175907272026e+04 
       3.788605417667e-03       1.205508424612e+04 
       3.909666279633e-03       1.234729626660e+04 
       4.031207951661e-03       1.263561439560e+04 
       4.153193636582e-03       1.291996126616e+04 
       4.275589994613e-03       1.320027455260e+04 
       4.398366781859e-03       1.347650359303e+04 
       4.521496528118e-03       1.374861068929e+04 
       4.644954250031e-03       1.401656538135e+04 
       4.768717195864e-03       1.428034787613e+04 
       4.892764618488e-03       1.453993644401e+04 
       5.017077573439e-03       1.479534190247e+04 
       5.141638739230e-03       1.504656501274e+04 
       5.266432257382e-03       1.529359745724e+04 
       5.391443589907e-03       1.553647051599e+04 
       5.516659392249e-03       1.577516890795e+04 
       5.642067399890e-03       1.600972362870e+04 
       5.767656327051e-03       1.624015537048e+04 
       5.893415776112e-03       1.646648185410e+04 
       6.019336156505e-03       1.668872889692e+04 
       6.145408612022e-03       1.690692965803e+04 
       6.271624955580e-03       1.712110556602e+04 
       6.397977610600e-03       1.733128763868e+04 
       6.524459558277e-03       1.753751397763e+04 
       6.651064290078e-03       1.773980716111e+04 
       6.777785764904e-03       1.793820824837e+04 
       6.904618370406e-03       1.813275330401e+04 
       7.031556888013e-03       1.832347306440e+04 
       7.158596461268e-03       1.851040529746e+04 
       7.285732567139e-03       1.869358653944e+04 
       7.412960989978e-03       1.887304511476e+04 
       7.540277797869e-03       1.904883019933e+04 
       7.667679321110e-03       1.922097559443e+04 
       7.795162132624e-03       1.938952528622e+04 
       7.922723030099e-03       1.955450221464e+04 
       8.050359019687e-03       1.971595167516e+04 
       8.178067301113e-03       1.987391830839e+04 
       8.305845254058e-03       2.002841737683e+04 
       8.433690425687e-03       2.017951321662e+04 
       8.561600519228e-03       2.032724079061e+04 
       8.689573383482e-03       2.047162229887e+04 
       8.817607003205e-03       2.061270208331e+04 
       8.945699490259e-03       2.075051467450e+04 
       9.073849075477e-03       2.088510380862e+04 
       9.202054101166e-03       2.101649916038e+04 
       9.330313014209e-03       2.114474150365e+04 
       9.458624359696e-03       2.126985892072e+04 
       9.586986775048e-03       2.139189382543e+04 
       9.715398984588e-03       2.151087568342e+04 
       9.843859794525e-03       2.162685163271e+04 
       9.972368088316e-03       2.173983551648e+04 
       1.010092282237e-02       2.184987272611e+04 
       1.022952302206e-02       2.195700039916e+04 
       1.035816777806e-02       2.206124706912e+04 
       1.048685624290e-02       2.216264756844e+04 
       1.061558762781e-02       2.226123749793e+04 
       1.074436119979e-02       2.235704293034e+04 
       1.087317627884e-02       2.245010388795e+04 
       1.100203223546e-02       2.254044535257e+04 
       1.113092848827e-02       2.262810313384e+04 
       1.125986450181e-02       2.271311487995e+04 
       1.138883978455e-02       2.279550299047e+04 
       1.151785388691e-02       2.287529987083e+04 
       1.164690639959e-02       2.295253915856e+04 
       1.177599695187e-02       2.302725796801e+04 
       1.190512521008e-02       2.309947716180e+04 
       1.203429087623e-02       2.316923168139e+04 
       1.216349368666e-02       2.323654520807e+04 
       1.229273341080e-02       2.330145868645e+04 
       1.242200985007e-02       2.336399265515e+04 
       1.255132283679e-02       2.342418243904e+04 
       1.268067223321e-02       2.348205552950e+04 
       1.281005793057e-02       2.353764729312e+04 
       1.293947984832e-02       2.359097301945e+04 
       1.306893793326e-02       2.364206961120e+04 
       1.319843215887e-02       2.369096792110e+04 
       1.332796252462e-02       2.373768532950e+04 
       1.345752905535e-02       2.378225188945e+04 
       1.358713180070e-02       2.382470256025e+04 
       1.371677083462e-02       2.386504936666e+04 
       1.384644625483e-02       2.390332766419e+04 
       1.397615818245e-02       2.393956579653e+04 
       1.410590676156e-02       2.397378755218e+04 
       1.423569215884e-02       2.400600569579e+04 
       1.436551456327e-02       2.403626452999e+04 
       1.449537418582e-02       2.406458454445e+04 
       1.462527125920e-02       2.409098839668e+04 
       1.475520603762e-02       2.411549542663e+04 
       1.488517879659e-02       2.413813094383e+04 
       1.501518983276e-02       2.415893037860e+04 
       1.514523946377e-02       2.417790385975e+04 
       1.527532802813e-02       2.419508417248e+04 
       1.540545588512e-02       2.421048060777e+04 
       1.553562341474e-02       2.422413944459e+04 
       1.566583101763e-02       2.423606106250e+04 
       1.579607911507e-02       2.424628945290e+04 
       1.592636814897e-02       2.425482827591e+04 
       1.605669858189e-02       2.426170586487e+04 
       1.618707089705e-02       2.426695200714e+04 
       1.631748559843e-02       2.427058608636e+04 
       1.644794321084e-02       2.427261303619e+04 
       1.657844427997e-02       2.427307676354e+04 
       1.670898937256e-02       2.427199992323e+04 
       1.683957907651e-02       2.426936616135e+04 
       1.697021400101e-02       2.426525788957e+04 
       1.710089477675e-02       2.425965033094e+04 
       1.723162205607e-02       2.425257588777e+04 
       1.736239651316e-02       2.424406071014e+04 
       1.749321884433e-02       2.423411918431e+04 
       1.762408976818e-02       2.422277697129e+04 
       1.775501002590e-02       2.421003648215e+04 
       1.788598038150e-02       2.419595362513e+04 
       1.801700162213e-02       2.418051644747e+04 
       1.814807455838e-02       2.416375217477e+04 
       1.827920002459e-02       2.414568755915e+04 
       1.841037887917e-02       2.412634569050e+04 
       1.854161200498e-02       2.410573494685e+04 
       1.867290030969e-02       2.408389189111e+04 
       1.880424472616e-02       2.406079505269e+04 
       1.893564621286e-02       2.403650391770e+04 
       1.906710575427e-02       2.401103603685e+04 
       1.919862436134e-02       2.398438530224e+04 
       1.933020307192e-02       2.395659979416e+04 
       1.946184295126e-02       2.392764395690e+04 
       1.959354509249e-02       2.389758878565e+04 
       1.972531061714e-02       2.386646536423e+04 
       1.985714067564e-02       2.383426746447e+04 
       1.998903644791e-02       2.380097617018e+04 
       2.012099914388e-02       2.376665880766e+04 
       2.025303000415e-02       2.373132892147e+04 
       2.038513030050e-02       2.369498246494e+04 
       2.051730133661e-02       2.365764748798e+04 
       2.064954444865e-02       2.361932658397e+04 
       2.078186100597e-02       2.358005832555e+04 
       2.091425241180e-02       2.353989005479e+04 
       2.104672010396e-02       2.349874713704e+04 
       2.117926555559e-02       2.345671236659e+04 
       2.131189027593e-02       2.341379704117e+04 
       2.144459581108e-02       2.337002740255e+04 
       2.157738374484e-02       2.332539875262e+04 
       2.171025569955e-02       2.327993288880e+04 
       2.184321333690e-02       2.323360213234e+04 
       2.197625835891e-02       2.318648627700e+04 
       2.210939250875e-02       2.313863778385e+04 
       2.224261757177e-02       2.308995211423e+04 
       2.237593537644e-02       2.304050888438e+04 
       2.250934779535e-02       2.299035145683e+04 
       2.264285674627e-02       2.293942895896e+04 
       2.277646419323e-02       2.288780617818e+04 
       2.291017214757e-02       2.283547616498e+04 
       2.304398266917e-02       2.278247473030e+04 
       2.317789786752e-02       2.272877839463e+04 
       2.331191990303e-02       2.267445185915e+04 
       2.344605098823e-02       2.261943089417e+04 
       2.358029338906e-02       2.256384507148e+04 
       2.371464942620e-02       2.250761660093e+04 
       2.384912147648e-02       2.245077854566e+04 
       2.398371197425e-02       2.239333872444e+04 
       2.411842341285e-02       2.233530864132e+04 
       2.425325834617e-02       2.227675846028e+04 
       2.438821939011e-02       2.221766183343e+04 
       2.452330922429e-02       2.215798649597e+04 
       2.465853059364e-02       2.209783073621e+04 
       2.479388631014e-02       2.203712508947e+04 
       2.492937925458e-02       2.197593897705e+04 
       2.506501237839e-02       2.191428619878e+04 
       2.520078870554e-02       2.185215408298e+04 
       2.533671133445e-02       2.178946997505e+04 
       2.547278344005e-02       2.172642973493e+04 
       2.560900827585e-02       2.166291793887e+04 
       2.574538917606e-02       2.159902954739e+04 
       2.588192955785e-02       2.153465624965e+04 
       2.601863292366e-02       2.146994028916e+04 
       2.615550286351e-02       2.140480815624e+04 
       2.629254305755e-02       2.133932659211e+04 
       2.642975727855e-02       2.127340764537e+04 
       2.656714939453e-02       2.120717978894e+04 
       2.670472337153e-02       2.114057225489e+04 
       2.684248327639e-02       2.107368419512e+04 
       2.698043327971e-02       2.100637708354e+04 
       2.711857765883e-02       2.093883362348e+04 
       2.725692080101e-02       2.087098079745e+04 
       2.739546720667e-02       2.080279585112e+04 
       2.753422149274e-02       2.073432718548e+04 
       2.767318839618e-02       2.066561511730e+04 
       2.781237277757e-02       2.059663189775e+04 
       2.795177962488e-02       2.052736757019e+04 
       2.809141405740e-02       2.045783456895e+04 
       2.823128132971e-02       2.038813276864e+04 
       2.837138683595e-02       2.031815820650e+04 
       2.851173611415e-02       2.024800219444e+04 
       2.865233485074e-02       2.017758652038e+04 
       2.879318888530e-02       2.010701612875e+04 
       2.893430421539e-02       2.003618760668e+04 
       2.907568700168e-02       1.996524568342e+04 
       2.921734357321e-02       1.989408205934e+04 
       2.935928043289e-02       1.982275506188e+04 
       2.950150426322e-02       1.975127790512e+04 
       2.964402193225e-02       1.967962332085e+04 
       2.978684049975e-02       1.960783111103e+04 
       2.992996722371e-02       1.953588684372e+04 
       3.007340956701e-02       1.946382970151e+04 
       3.021717520446e-02       1.939169624464e+04 
       3.036127203011e-02       1.931934294630e+04 
       3.050570816484e-02       1.924695482654e+04 
       3.065049196435e-02       1.917444786436e+04 
       3.079563202742e-02       1.910185129087e+04 
       3.094113720456e-02       1.902908808436e+04 
       3.108701660712e-02       1.895631417616e+04 
       3.123327961667e-02       1.888347800249e+04 
       3.137993589491e-02       1.881058166308e+04 
       3.152699539401e-02       1.873752317934e+04 
       3.167446836738e-02       1.866444172857e+04 
       3.182236538101e-02       1.859134541732e+04 
       3.197069732530e-02       1.851817734738e+04 
       3.211947542745e-02       1.844498769845e+04 
       3.226871126444e-02       1.837165378373e+04 
       3.241841677669e-02       1.829840462052e+04 
       3.256860428230e-02       1.822511052180e+04 
       3.271928649204e-02       1.815171285732e+04 
       3.287047652511e-02       1.807834845843e+04 
       3.302218792562e-02       1.800495778989e+04 
       3.317443467998e-02       1.793158376622e+04 
       3.332723123513e-02       1.785819612008e+04 
       3.348059251773e-02       1.778476334054e+04 
       3.363453395434e-02       1.771139550067e+04 
       3.378907149273e-02       1.763802943222e+04 
       3.394422162420e-02       1.756457395697e+04 
       3.410000140727e-02       1.749121061942e+04 
       3.425642849247e-02       1.741785412542e+04 
       3.441352114872e-02       1.734445932604e+04 
       3.457129829094e-02       1.727114077564e+04 
       3.472977950941e-02       1.719790426855e+04 
       3.488898510073e-02       1.712456586110e+04 
       3.504893610052e-02       1.705130708609e+04 
       3.520965431808e-02       1.697803566379e+04 
       3.537116237312e-02       1.690486754057e+04 
       3.553348373458e-02       1.683174672196e+04 
       3.569664276192e-02       1.675859854628e+04 
       3.586066474880e-02       1.668546087053e+04 
       3.602557596957e-02       1.661239114359e+04 
       3.619140372861e-02       1.653938280903e+04 
       3.635817641278e-02       1.646642697114e+04 
       3.652592354731e-02       1.639349607740e+04 
       3.669467585523e-02       1.632055468538e+04 
       3.686446532074e-02       1.624769233411e+04 
       3.703532525681e-02       1.617488234790e+04 
       3.720729037734e-02       1.610213157417e+04 
       3.738039687425e-02       1.602931975931e+04 
       3.755468249986e-02       1.595665110933e+04 
       3.773018665517e-02       1.588396311244e+04 
       3.790695048425e-02       1.581136565288e+04 
       3.808501697562e-02       1.573876644308e+04 
       3.826443107093e-02       1.566621712248e+04 
       3.844523978171e-02       1.559364863367e+04 
       3.862749231499e-02       1.552118947055e+04 
       3.881124020838e-02       1.544872088704e+04 
       3.899653747577e-02       1.537628064557e+04 
       3.918344076436e-02       1.530392199808e+04 
       3.937200952428e-02       1.523152757429e+04 
       3.956230619199e-02       1.515913139834e+04 
       3.975439638873e-02       1.508677530498e+04 
       3.994834913564e-02       1.501444028083e+04 
       4.014423708707e-02       1.494213113453e+04 
       4.034213678411e-02       1.486980585285e+04 
       4.054212893041e-02       1.479747409665e+04 
       4.074429869256e-02       1.472512740123e+04 
       4.094873602782e-02       1.465277267781e+04 
       4.115553604206e-02       1.458038763109e+04 
       4.136479938144e-02       1.450800505153e+04 
       4.157663266153e-02       1.443566835635e+04 
       4.179114893826e-02       1.436306095272e+04 
       4.200846822564e-02       1.429052821765e+04 
       4.222871806581e-02       1.421798328721e+04 
       4.245203415786e-02       1.414529113570e+04 
       4.267856105273e-02       1.407255760428e+04 
       4.290845292254e-02       1.399972025492e+04 
       4.314187441409e-02       1.392680697473e+04 
       4.337900159742e-02       1.385376602187e+04 
       4.362002302260e-02       1.378063397169e+04 
       4.386514089923e-02       1.370732911880e+04 
       4.411457241618e-02       1.363384954230e+04 
       4.436855122156e-02       1.356026401722e+04 
       4.462732908644e-02       1.348644858888e+04 
       4.489117777982e-02       1.341244732618e+04 
       4.516039118726e-02       1.333820101132e+04 
       4.543528771129e-02       1.326370521846e+04 
       4.571621299892e-02       1.318898148260e+04 
       4.600354304983e-02       1.311392297283e+04 
       4.629768776928e-02       1.303853200025e+04 
       4.659909504248e-02       1.296282562773e+04 
       4.690825542219e-02       1.288673367488e+04 
       4.722570754098e-02       1.281020857245e+04 
       4.755204438216e-02       1.273321045961e+04 
       4.788792057329e-02       1.265578651959e+04 
       4.823406090177e-02       1.257778311373e+04 
       4.859127029761e-02       1.249911826978e+04 
       4.896044558520e-02       1.241986651887e+04 
       4.934258937759e-02       1.233990659974e+04 
       4.973882657740e-02       1.225912874662e+04 
       5.015042406355e-02       1.217749640610e+04 
       5.057881428932e-02       1.209489918786e+04 
       5.102562370382e-02       1.201125019411e+04 
       5.149270714670e-02       1.192642442895e+04 
       5.198218966843e-02       1.184027393711e+04 
       5.249651761179e-02       1.175264868457e+04 
       5.303852127043e-02       1.166333052335e+04 
       5.361149203291e-02       1.157217489931e+04 
       5.421927762771e-02       1.147870804116e+04 
       5.486639988301e-02       1.138280751088e+04 
       5.555820021383e-02       1.128397273979e+04 
       5.630101862016e-02       1.118164948993e+04 
       5.710241181770e-02       1.107522927896e+04 
       5.797141417444e-02       1.096377847370e+04 
       5.891883933241e-02       1.084624583815e+04 
       5.995760691903e-02       1.072113735748e+04 
       6.110305098822e-02       1.058644991470e+04 
       6.237311474427e-02       1.043960303980e+04 
       6.378824836837e-02       1.027700870161e+04 
       6.537070216991e-02       1.009412010225e+04 
       6.714278728740e-02       9.885106535826e+03 
       6.912370403835e-02       9.643201270727e+03 
       7.132498882937e-02       9.361475666991e+03 
       7.374571205534e-02       9.034537871085e+03 
       7.636980659706e-02       8.660886875920e+03 
       7.916783370948e-02       8.244954768033e+03 
       8.210309023128e-02       7.797691237833e+03 
       8.513903103156e-02       7.335094469459e+03 
       8.824459827927e-02       6.875330305809e+03 
       9.139623096513e-02       6.435757307824e+03 
       9.457741388334e-02       6.030608595557e+03 
       9.777716828317e-02       5.669721449704e+03 
       1.009884427428e-01       5.358132427021e+03 
       1.042068059503e-01       5.096436096071e+03 
       1.074295106695e-01       4.881426144937e+03 
       1.106548678347e-01       4.707015416386e+03 
       1.138818441663e-01       4.565072344907e+03 
       1.171098094132e-01       4.446352005662e+03 
       1.203383797666e-01       4.341372179901e+03 
       1.235673216568e-01       4.241207060711e+03 
       1.267964929420e-01       4.138270189113e+03 
       1.300258070650e-01       4.026927698513e+03 
       1.332552112462e-01       3.903891834742e+03 
       1.364846732306e-01       3.768323306718e+03 
       1.397141732385e-01       3.621629142592e+03 
       1.429436990774e-01       3.466991694208e+03 
       1.461732431740e-01       3.308766725435e+03 
       1.494028007719e-01       3.151773395103e+03 
       1.526323688365e-01       3.000697820535e+03 
       1.558619453899e-01       2.859560067189e+03 
       1.590915291058e-01       2.731375574692e+03 
       1.623211190630e-01       2.617970910184e+03 
       1.655507145945e-01       2.519945571190e+03 
       1.687803151960e-01       2.436766736985e+03 
       1.720099204690e-01       2.366930985029e+03 
       1.752395300855e-01       2.308214538160e+03 
       1.784691437669e-01       2.257913806666e+03 
       1.816987612695e-01       2.213122746625e+03 
       1.849283823765e-01       2.171335913834e+03 
       1.881580068914e-01       2.129923289105e+03 
       1.913876346346e-01       2.086448551769e+03 
       1.946172654408e-01       2.039442063543e+03 
       1.978468991566e-01       1.988190799674e+03 
       2.010765356394e-01       1.932746019937e+03 
       2.043061747563e-01       1.873834656945e+03 
       2.075358163829e-01       1.812671038381e+03 
       2.107654604026e-01       1.750737071684e+03 
       2.139951067061e-01       1.689566968923e+03 
       2.172247551907e-01       1.630577767803e+03 
       2.204544057598e-01       1.574920727407e+03 
       2.236840583224e-01       1.523462122792e+03 
       2.269137127927e-01       1.476727659729e+03 
       2.301433690899e-01       1.434905086724e+03 
       2.333730271376e-01       1.397878605362e+03 
       2.366026868636e-01       1.365233192014e+03 
       2.398323481997e-01       1.336316236556e+03 
       2.430620110812e-01       1.310296996201e+03 
       2.462916754470e-01       1.286258566257e+03 
       2.495213412390e-01       1.263293284387e+03 
       2.527510084022e-01       1.240590089646e+03 
       2.559806768845e-01       1.217498992716e+03 
       2.592103466361e-01       1.193572215334e+03 
       2.624400176100e-01       1.168573165400e+03 
       2.656696897614e-01       1.142465720858e+03 
       2.688993630474e-01       1.115397364109e+03 
       2.721290374275e-01       1.087665893409e+03 
       2.753587128630e-01       1.059664158229e+03 
       2.785883893169e-01       1.031868386298e+03 
       2.818180667541e-01       1.004747103622e+03 
       2.850477451408e-01       9.787336527019e+02 
       2.882774244452e-01       9.541603948639e+02 
       2.915071046363e-01       9.312477043155e+02 
       2.947367856851e-01       9.100748540296e+02 
       2.979664675633e-01       8.906051811374e+02 
       3.011961502443e-01       8.727001397601e+02 
       3.044258337022e-01       8.561500360007e+02 
       3.076555179126e-01       8.407026791385e+02 
       3.108852028518e-01       8.260869154870e+02 
       3.141148884972e-01       8.120276053634e+02 
       3.173445748272e-01       7.982682935700e+02 
       3.205742618210e-01       7.845859098674e+02 
       3.238039494587e-01       7.708130084992e+02 
       3.270336377209e-01       7.568410665956e+02 
       3.302633265894e-01       7.426411326077e+02 
       3.334930160465e-01       7.282455292699e+02 
       3.367227060750e-01       7.137394362079e+02 
       3.399523966587e-01       6.992456450297e+02 
       3.431820877818e-01       6.848991741050e+02 
       3.464117794292e-01       6.708295795563e+02 
       3.496414715862e-01       6.571583266362e+02 
       3.528711642389e-01       6.439845045062e+02 
       3.561008573735e-01       6.313832391969e+02 
       3.593305509772e-01       6.194030189197e+02 
       3.625602450373e-01       6.080554143700e+02 
       3.657899395417e-01       5.973201104686e+02 
       3.690196344786e-01       5.871433220109e+02 
       3.722493298367e-01       5.774437581354e+02 
       3.754790256052e-01       5.681298482872e+02 
       3.787087217734e-01       5.591031271429e+02 
       3.819384183313e-01       5.502804855699e+02 
       3.851681152689e-01       5.415922773112e+02 
       3.883978125767e-01       5.329874102216e+02 
       3.916275102456e-01       5.244331788563e+02 
       3.948572082667e-01       5.159123682171e+02 
       3.980869066313e-01       5.074218658020e+02 
       4.013166053311e-01       4.989714853753e+02 
       4.045463043581e-01       4.905845765814e+02 
       4.077760037044e-01       4.822940184031e+02 
       4.110057033626e-01       4.741392952064e+02 
       4.142354033252e-01       4.661596626675e+02 
       4.174651035852e-01       4.583888363066e+02 
       4.206948041356e-01       4.508461567503e+02 
       4.239245049700e-01       4.435465119005e+02 
       4.271542060817e-01       4.364901120040e+02 
       4.303839074645e-01       4.296692582191e+02 
       4.336136091123e-01       4.230781109741e+02 
       4.368433110193e-01       4.166997919608e+02 
       4.400730131797e-01       4.105205971622e+02 
       4.433027155879e-01       4.045163074114e+02 
       4.465324182386e-01       3.986642995091e+02 
       4.497621211265e-01       3.929369206820e+02 
       4.529918242465e-01       3.873102015907e+02 
       4.562215275937e-01       3.817633143756e+02 
       4.594512311632e-01       3.762811282054e+02 
       4.626809349504e-01       3.708623035083e+02 
       4.659106389508e-01       3.655020636375e+02 
       4.691403431598e-01       3.602063313322e+02 
       4.723700475734e-01       3.549787779296e+02 
       4.755997521871e-01       3.498272346192e+02 
       4.788294569971e-01       3.447582545946e+02 
       4.820591619993e-01       3.397794274197e+02 
       4.852888671899e-01       3.349040597612e+02 
       4.885185725651e-01       3.301386732579e+02 
       4.917482781212e-01       3.254935468647e+02 
       4.949779838548e-01       3.209718305470e+02 
       4.982076897624e-01       3.165712207308e+02 
       5.014373958406e-01       3.122860049715e+02 
       5.046671020861e-01       3.081038785454e+02 
       5.078968084957e-01       3.040171200215e+02 
       5.111265150662e-01       3.000159186036e+02 
       5.143562217947e-01       2.960923309881e+02 
       5.175859286782e-01       2.922402788941e+02 
       5.208156357138e-01       2.884521085190e+02 
       5.240453428986e-01       2.847211525202e+02 
       5.272750502300e-01       2.810416371569e+02 
       5.305047577052e-01       2.774118533859e+02 
       5.337344653216e-01       2.738289774014e+02 
       5.369641730766e-01       2.702944850570e+02 
       5.401938809678e-01       2.668150384274e+02 
       5.434235889928e-01       2.633924343716e+02 
       5.466532971491e-01       2.600304012375e+02 
       5.498830054344e-01       2.567302167590e+02 
       5.531127138464e-01       2.534923441954e+02 
       5.563424223831e-01       2.503158534035e+02 
       5.595721310421e-01       2.472002341913e+02 
       5.628018398213e-01       2.441436215386e+02 
       5.660315487188e-01       2.411475899844e+02 
       5.692612577325e-01       2.382107384662e+02 
       5.724909668604e-01       2.353314744647e+02 
       5.757206761006e-01       2.325066227032e+02 
       5.789503854511e-01       2.297319385313e+02 
       5.821800949103e-01       2.270032156848e+02 
       5.854098044762e-01       2.243176494329e+02 
       5.886395141471e-01       2.216735663383e+02 
       5.918692239213e-01       2.190697994741e+02 
       5.950989337970e-01       2.165061189838e+02 
       5.983286437727e-01       2.139815842299e+02 
       6.015583538468e-01       2.114949396397e+02 
       6.047880640175e-01       2.090453831640e+02 
       6.080177742835e-01       2.066307038164e+02 
       6.112474846432e-01       2.042511715034e+02 
       6.144771950950e-01       2.019070407335e+02 
       6.177069056377e-01       1.995997319823e+02 
       6.209366162696e-01       1.973320417161e+02 
       6.241663269895e-01       1.951028560811e+02 
       6.273960377960e-01       1.929120276349e+02 
       6.306257486877e-01       1.907583473221e+02 
       6.338554596634e-01       1.886386619433e+02 
       6.370851707218e-01       1.865538714088e+02 
       6.403148818615e-01       1.845014132586e+02 
       6.435445930815e-01       1.824820621799e+02 
       6.467743043804e-01       1.804955336142e+02 
       6.500040157571e-01       1.785401046703e+02 
       6.532337272104e-01       1.766150177350e+02 
       6.564634387393e-01       1.747178870381e+02 
       6.596931503426e-01       1.728474617429e+02 
       6.629228620191e-01       1.710024327798e+02 
       6.661525737679e-01       1.691834699777e+02 
       6.693822855879e-01       1.673899007953e+02 
       6.726119974780e-01       1.656231052607e+02 
       6.758417094373e-01       1.638824732539e+02 
       6.790714214648e-01       1.621674271733e+02 
       6.823011335594e-01       1.604771050405e+02 
       6.855308457203e-01       1.588100548553e+02 
       6.887605579465e-01       1.571666794349e+02 
       6.919902702371e-01       1.555468790401e+02 
       6.952199825911e-01       1.539509212610e+02 
       6.984496950078e-01       1.523792056875e+02 
       7.016794074862e-01       1.508316598884e+02 
       7.049091200255e-01       1.493068044195e+02 
       7.081388326249e-01       1.478038627293e+02 
       7.113685452835e-01       1.463216680209e+02 
       7.145982580005e-01       1.448594594048e+02 
       7.178279707752e-01       1.434174351730e+02 
       7.210576836067e-01       1.419956108689e+02 
       7.242873964944e-01       1.405941677984e+02 
       7.275171094373e-01       1.392119407727e+02 
       7.307468224349e-01       1.378491389211e+02 
       7.339765354864e-01       1.365042351658e+02 
       7.372062485911e-01       1.351766154015e+02 
       7.404359617483e-01       1.338658748811e+02 
       7.436656749573e-01       1.325725161697e+02 
       7.468953882174e-01       1.312966302138e+02 
       7.501251015279e-01       1.300384410504e+02 
       7.533548148883e-01       1.287975781633e+02 
       7.565845282979e-01       1.275739686850e+02 
       8.263350058315e-01       1.046699699660e+02 
       9.270449089443e-01       8.063778725050e+01 
       1.086867283005e+00       5.594531227489e+01 
       1.340142445475e+00       3.428966395483e+01 
       1.684759276207e+00       1.989689934910e+01 
       2.120944234562e+00       1.140344475854e+01 
       2.670110450149e+00       6.481929946230e+00 
       3.361469897921e+00       3.657223713646e+00 
       4.231839875474e+00       2.049578980147e+00 
       5.327570757878e+00       1.141587242510e+00 
       6.707014210224e+00       6.322858156303e-01 
       7.427213309566e+00       4.858699231727e-01 
       8.443630626516e+00       3.484019117383e-01 
       1.062990116352e+01       1.910673470814e-01 
       1.338225269962e+01       1.043256030859e-01 
       1.684725799060e+01       5.673068126693e-02 
       2.120944120342e+01       3.073138751517e-02 
       2.670110450094e+01       1.658695198639e-02 
       3.361469897921e+01       8.921099437582e-03 
       4.231839875474e+01       4.781304070421e-03 
       5.327570757878e+01       2.553252442475e-03 
       6.707014210224e+01       1.358049142099e-03 
