# Matter power spectrum P(k) at redshift z=0
# for k=1.04829e-05 to 66.9325 h/Mpc,
# number of wavenumbers equal to 621
#    1:k (h/Mpc)              2:P (Mpc/h)^3        
       1.048294959306e-05       4.748742519136e+01 
       2.340909221291e-05       1.031882068177e+02 
       3.638100117708e-05       1.579832796490e+02 
       4.943382439187e-05       2.124363539756e+02 
       6.260329507525e-05       2.668728729339e+02 
       7.592605261090e-05       3.215395982311e+02 
       8.943997372945e-05       3.766494589794e+02 
       1.031845184502e-04       4.323999366235e+02 
       1.172010952503e-04       4.889826013121e+02 
       1.315334499627e-04       5.465888993030e+02 
       1.462280829078e-04       6.054142374419e+02 
       1.613346987010e-04       6.656611768032e+02 
       1.769066929887e-04       7.275422131590e+02 
       1.930016799764e-04       7.912823129816e+02 
       2.096820639236e-04       8.571213921187e+02 
       2.270156566478e-04       9.253167428844e+02 
       2.450763413394e-04       9.961455178924e+02 
       2.639447803977e-04       1.069907205755e+03 
       2.837091612809e-04       1.146926140283e+03 
       3.044659691716e-04       1.227553959993e+03 
       3.263207682009e-04       1.312171956637e+03 
       3.493889636292e-04       1.401193182863e+03 
       3.737965053683e-04       1.495064176571e+03 
       3.996804782897e-04       1.594266026526e+03 
       4.271895069629e-04       1.699314564806e+03 
       4.564838823876e-04       1.810759260473e+03 
       4.877352974213e-04       1.929180410693e+03 
       5.211260587113e-04       2.055184189299e+03 
       5.568476304066e-04       2.189394954834e+03 
       5.950983649866e-04       2.332444455503e+03 
       6.360802969340e-04       2.484957532853e+03 
       6.799949238826e-04       2.647534163534e+03 
       7.270379836287e-04       2.820728157140e+03 
       7.773933551410e-04       3.005023118805e+03 
       8.312263594120e-04       3.200807059669e+03 
       8.886768915223e-04       3.408347398115e+03 
       9.498529466315e-04       3.627768588413e+03 
       1.014825171455e-03       3.859034960496e+03 
       1.083623045666e-03       4.101940798188e+03 
       1.156233159689e-03       4.356109416156e+03 
       1.232599820733e-03       4.621001581349e+03 
       1.312627931360e-03       4.895933123228e+03 
       1.396187806312e-03       5.180073283313e+03 
       1.483121383279e-03       5.472535847327e+03 
       1.573249180082e-03       5.772377246752e+03 
       1.666377361007e-03       6.078610691479e+03 
       1.762304376594e-03       6.390246471570e+03 
       1.860826795684e-03       6.706314966594e+03 
       1.961744115418e-03       7.025884775308e+03 
       2.064862483200e-03       7.348076423362e+03 
       2.169997376979e-03       7.672071190348e+03 
       2.276975362074e-03       7.997116521279e+03 
       2.385635078460e-03       8.322527586732e+03 
       2.495827620632e-03       8.647686679845e+03 
       2.607416462250e-03       8.972041378563e+03 
       2.720277057971e-03       9.295099634648e+03 
       2.834296231266e-03       9.616427522776e+03 
       2.949371433523e-03       9.935642420637e+03 
       3.065409938599e-03       1.025240965041e+04 
       3.182328019170e-03       1.056643843845e+04 
       3.300050136931e-03       1.087747548378e+04 
       3.418508167635e-03       1.118530321222e+04 
       3.537640673725e-03       1.148973154627e+04 
       3.657392231306e-03       1.179060173843e+04 
       3.777712814022e-03       1.208777761084e+04 
       3.898557233570e-03       1.238114436972e+04 
       4.019884634724e-03       1.267060585487e+04 
       4.141658041658e-03       1.295608513462e+04 
       4.263843951745e-03       1.323751747416e+04 
       4.386411972771e-03       1.351485013920e+04 
       4.509334499493e-03       1.378804690299e+04 
       4.632586425604e-03       1.405707568270e+04 
       4.756144887409e-03       1.432191227395e+04 
       4.879989035791e-03       1.458254721529e+04 
       5.004099833329e-03       1.483897636373e+04 
       5.128459873752e-03       1.509120695633e+04 
       5.253053221190e-03       1.533922915133e+04 
       5.377865266953e-03       1.558307070830e+04 
       5.502882601834e-03       1.582272805975e+04 
       5.628092902131e-03       1.605821946579e+04 
       5.753484827839e-03       1.628957012297e+04 
       5.879047931592e-03       1.651679845633e+04 
       6.004772577142e-03       1.673992395002e+04 
       6.130649866283e-03       1.695899307140e+04 
       6.256671573278e-03       1.717401611439e+04 
       6.382830085927e-03       1.738502724467e+04 
       6.509118352564e-03       1.759206505690e+04 
       6.635529834305e-03       1.779515131888e+04 
       6.762058461984e-03       1.799432917149e+04 
       6.888698597270e-03       1.818963273656e+04 
       7.015444997508e-03       1.838109399556e+04 
       7.142292783895e-03       1.856875045470e+04 
       7.269237412634e-03       1.875263903039e+04 
       7.396274648769e-03       1.893278807915e+04 
       7.523400542400e-03       1.910924569388e+04 
       7.650611407063e-03       1.928205339898e+04 
       7.777903800034e-03       1.945123503702e+04 
       7.905274504381e-03       1.961684074019e+04 
       8.032720512580e-03       1.977889960827e+04 
       8.160239011548e-03       1.993745673826e+04 
       8.287827368958e-03       2.009253326249e+04 
       8.415483120703e-03       2.024419680428e+04 
       8.543203959417e-03       2.039246167338e+04 
       8.670987723937e-03       2.053737492795e+04 
       8.798832389631e-03       2.067896976108e+04 
       8.926736059513e-03       2.081728436905e+04 
       9.054696956058e-03       2.095235998462e+04 
       9.182713413679e-03       2.108422763828e+04 
       9.310783871787e-03       2.121292546430e+04 
       9.438906868395e-03       2.133848874223e+04 
       9.567081034211e-03       2.146095407900e+04 
       9.695305087186e-03       2.158035214946e+04 
       9.823577827471e-03       2.169673093366e+04 
       9.951898132758e-03       2.181010445314e+04 
       1.008026495396e-02       2.192051680566e+04 
       1.020867731121e-02       2.202800788240e+04 
       1.033713429018e-02       2.213260969883e+04 
       1.046563503861e-02       2.223434492707e+04 
       1.059417876315e-02       2.233326067060e+04 
       1.072276472640e-02       2.242937949380e+04 
       1.085139224415e-02       2.252273641234e+04 
       1.098006068284e-02       2.261337198187e+04 
       1.110876945719e-02       2.270130736769e+04 
       1.123751802800e-02       2.278658431404e+04 
       1.136630590008e-02       2.286922759419e+04 
       1.149513262037e-02       2.294926472590e+04 
       1.162399777619e-02       2.302673915137e+04 
       1.175290099351e-02       2.310167472366e+04 
       1.188184193551e-02       2.317410247744e+04 
       1.201082030110e-02       2.324405877449e+04 
       1.213983582360e-02       2.331156461434e+04 
       1.226888826955e-02       2.337665300070e+04 
       1.239797743749e-02       2.343935571727e+04 
       1.252710315697e-02       2.349971049915e+04 
       1.265626528751e-02       2.355772402114e+04 
       1.278546371770e-02       2.361345045300e+04 
       1.291469836437e-02       2.366690168946e+04 
       1.304396917176e-02       2.371813042469e+04 
       1.317327611085e-02       2.376712883893e+04 
       1.330261917862e-02       2.381395302227e+04 
       1.343199839748e-02       2.385860527087e+04 
       1.356141381467e-02       2.390113383263e+04 
       1.369086550175e-02       2.394155723531e+04 
       1.382035355412e-02       2.397989737450e+04 
       1.394987809055e-02       2.401619298004e+04 
       1.407943925283e-02       2.405045523922e+04 
       1.420903720536e-02       2.408272592825e+04 
       1.433867213485e-02       2.411300899092e+04 
       1.446834425002e-02       2.414135740641e+04 
       1.459805378132e-02       2.416776970865e+04 
       1.472780098073e-02       2.419228233496e+04 
       1.485758612153e-02       2.421491821124e+04 
       1.498740949814e-02       2.423570757216e+04 
       1.511727142599e-02       2.425466688482e+04 
       1.524717224134e-02       2.427182086157e+04 
       1.537711230126e-02       2.428719264648e+04 
       1.550709198350e-02       2.430080249050e+04 
       1.563711168646e-02       2.431268258777e+04 
       1.576717182917e-02       2.432285920093e+04 
       1.589727285128e-02       2.433132968430e+04 
       1.602741521308e-02       2.433815333673e+04 
       1.615759939550e-02       2.434332197657e+04 
       1.628782590022e-02       2.434687610914e+04 
       1.641809524972e-02       2.434882417065e+04 
       1.654840798736e-02       2.434920063297e+04 
       1.667876467752e-02       2.434801571785e+04 
       1.680916590569e-02       2.434528471443e+04 
       1.693961227869e-02       2.434105394651e+04 
       1.707010442474e-02       2.433533691202e+04 
       1.720064299374e-02       2.432814623096e+04 
       1.733122865739e-02       2.431949845081e+04 
       1.746186210947e-02       2.430942398379e+04 
       1.759254406602e-02       2.429793426451e+04 
       1.772327526565e-02       2.428506161155e+04 
       1.785405646974e-02       2.427082577400e+04 
       1.798488846279e-02       2.425525229335e+04 
       1.811577205269e-02       2.423832115419e+04 
       1.824670807101e-02       2.422009063397e+04 
       1.837769737341e-02       2.420057885133e+04 
       1.850874083990e-02       2.417979304543e+04 
       1.863983937529e-02       2.415775323033e+04 
       1.877099390952e-02       2.413448709344e+04 
       1.890220539809e-02       2.411001211931e+04 
       1.903347482244e-02       2.408433843674e+04 
       1.916480319047e-02       2.405749466365e+04 
       1.929619153689e-02       2.402948312802e+04 
       1.942764092378e-02       2.400036340623e+04 
       1.955915244102e-02       2.397009616651e+04 
       1.969072720682e-02       2.393875505707e+04 
       1.982236636827e-02       2.390630595901e+04 
       1.995407110185e-02       2.387279726771e+04 
       2.008584261401e-02       2.383826449298e+04 
       2.021768214177e-02       2.380269844888e+04 
       2.034959095330e-02       2.376611852533e+04 
       2.048157034855e-02       2.372853738314e+04 
       2.061362165992e-02       2.368997087228e+04 
       2.074574625292e-02       2.365047337526e+04 
       2.087794552684e-02       2.361003393122e+04 
       2.101022091547e-02       2.356864980134e+04 
       2.114257388787e-02       2.352638504116e+04 
       2.127500594908e-02       2.348320144471e+04 
       2.140751864094e-02       2.343916932880e+04 
       2.154011354288e-02       2.339424740315e+04 
       2.167279227278e-02       2.334855042461e+04 
       2.180555648778e-02       2.330196188123e+04 
       2.193840788523e-02       2.325461088055e+04 
       2.207134820357e-02       2.320642253882e+04 
       2.220437922328e-02       2.315746987254e+04 
       2.233750276785e-02       2.310777134353e+04 
       2.247072070481e-02       2.305730542403e+04 
       2.260403494672e-02       2.300609677304e+04 
       2.273744745229e-02       2.295419944646e+04 
       2.287096022745e-02       2.290157143852e+04 
       2.300457532649e-02       2.284827431925e+04 
       2.313829485326e-02       2.279428914141e+04 
       2.327212096231e-02       2.273966025133e+04 
       2.340605586023e-02       2.268435641853e+04 
       2.354010180687e-02       2.262845424713e+04 
       2.367426111667e-02       2.257190347487e+04 
       2.380853616007e-02       2.251477841310e+04 
       2.394292936489e-02       2.245696859493e+04 
       2.407744321778e-02       2.239871449732e+04 
       2.421208026575e-02       2.233982148206e+04 
       2.434684311771e-02       2.228039755712e+04 
       2.448173444607e-02       2.222046410213e+04 
       2.461675698839e-02       2.215994867125e+04 
       2.475191354909e-02       2.209895891305e+04 
       2.488720700124e-02       2.203743392095e+04 
       2.502264028833e-02       2.197542522788e+04 
       2.515821642619e-02       2.191298212105e+04 
       2.529393850493e-02       2.185006469974e+04 
       2.542980969093e-02       2.178667559006e+04 
       2.556583322892e-02       2.172287280347e+04 
       2.570201244413e-02       2.165859274742e+04 
       2.583835074453e-02       2.159396507561e+04 
       2.597485162308e-02       2.152889538132e+04 
       2.611151866012e-02       2.146343222065e+04 
       2.624835552583e-02       2.139757106386e+04 
       2.638536598276e-02       2.133137427300e+04 
       2.652255388845e-02       2.126483598845e+04 
       2.665992319818e-02       2.119777796206e+04 
       2.679747796773e-02       2.113059497295e+04 
       2.693522235635e-02       2.106305691547e+04 
       2.707316062972e-02       2.099515730991e+04 
       2.721129716313e-02       2.092693090149e+04 
       2.734963644469e-02       2.085839946956e+04 
       2.748818307870e-02       2.078964208967e+04 
       2.762694178911e-02       2.072056905723e+04 
       2.776591742315e-02       2.065129323610e+04 
       2.790511495509e-02       2.058169191040e+04 
       2.804453949007e-02       2.051184362391e+04 
       2.818419626817e-02       2.044179880099e+04 
       2.832409066860e-02       2.037149599144e+04 
       2.846422821403e-02       2.030095546079e+04 
       2.860461457508e-02       2.023021308165e+04 
       2.874525557507e-02       2.015932048902e+04 
       2.888615719482e-02       2.008818335421e+04 
       2.902732557775e-02       2.001689502347e+04 
       2.916876703517e-02       1.994538479610e+04 
       2.931048805169e-02       1.987372790951e+04 
       2.945249529100e-02       1.980193032376e+04 
       2.959479560174e-02       1.972995235242e+04 
       2.973739602368e-02       1.965780583428e+04 
       2.988030379420e-02       1.958555174752e+04 
       3.002352635492e-02       1.951315626547e+04 
       3.016707135876e-02       1.944066423134e+04 
       3.031094667714e-02       1.936800979376e+04 
       3.045516040763e-02       1.929530307920e+04 
       3.059972088186e-02       1.922239565911e+04 
       3.074463667375e-02       1.914945987646e+04 
       3.088991660818e-02       1.907645174073e+04 
       3.103556976999e-02       1.900333683898e+04 
       3.118160551339e-02       1.893012976309e+04 
       3.132803347180e-02       1.885690407410e+04 
       3.147486356816e-02       1.878356337529e+04 
       3.162210602567e-02       1.871016027664e+04 
       3.176977137907e-02       1.863671295639e+04 
       3.191787048643e-02       1.856319894894e+04 
       3.206641454148e-02       1.848965315442e+04 
       3.221541508661e-02       1.841603260026e+04 
       3.236488402637e-02       1.834249173265e+04 
       3.251483364174e-02       1.826880839694e+04 
       3.266527660501e-02       1.819513860195e+04 
       3.281622599552e-02       1.812150176443e+04 
       3.296769531605e-02       1.804780857174e+04 
       3.311969851014e-02       1.797404320127e+04 
       3.327224998026e-02       1.790030840866e+04 
       3.342536460691e-02       1.782664133265e+04 
       3.357905776873e-02       1.775292515771e+04 
       3.373334536373e-02       1.767921724072e+04 
       3.388824383149e-02       1.760552738154e+04 
       3.404377017677e-02       1.753181403400e+04 
       3.419994199423e-02       1.745812232897e+04 
       3.435677749463e-02       1.738446359914e+04 
       3.451429553238e-02       1.731077431458e+04 
       3.467251563477e-02       1.723720305169e+04 
       3.483145803276e-02       1.716356588906e+04 
       3.499114369358e-02       1.709004490899e+04 
       3.515159435524e-02       1.701647836232e+04 
       3.531283256306e-02       1.694302237918e+04 
       3.547488170837e-02       1.686951408367e+04 
       3.563776606956e-02       1.679610276992e+04 
       3.580151085566e-02       1.672271653123e+04 
       3.596614225250e-02       1.664935765556e+04 
       3.613168747190e-02       1.657602292053e+04 
       3.629817480392e-02       1.650274816277e+04 
       3.646563367236e-02       1.642949360296e+04 
       3.663409469404e-02       1.635631168122e+04 
       3.680358974183e-02       1.628318463358e+04 
       3.697415201192e-02       1.621004037777e+04 
       3.714581609564e-02       1.613698946066e+04 
       3.731861805618e-02       1.606394658058e+04 
       3.749259551060e-02       1.599095925000e+04 
       3.766778771761e-02       1.591801331066e+04 
       3.784423567158e-02       1.584506881766e+04 
       3.802198220334e-02       1.577222413870e+04 
       3.820107208836e-02       1.569938210107e+04 
       3.838155216287e-02       1.562659187108e+04 
       3.856347144885e-02       1.555380414701e+04 
       3.874688128844e-02       1.548104207922e+04 
       3.893183548882e-02       1.540834925011e+04 
       3.911839047843e-02       1.533570759145e+04 
       3.930660547571e-02       1.526303898988e+04 
       3.949654267145e-02       1.519040648710e+04 
       3.968826742622e-02       1.511777981100e+04 
       3.988184848421e-02       1.504519755519e+04 
       4.007735820531e-02       1.497265261060e+04 
       4.027487281720e-02       1.489997532000e+04 
       4.047447268952e-02       1.482745567282e+04 
       4.067624263258e-02       1.475481876770e+04 
       4.088027222309e-02       1.468221050777e+04 
       4.108665616006e-02       1.460954008744e+04 
       4.129549465402e-02       1.453690783371e+04 
       4.150689385358e-02       1.446421069044e+04 
       4.172096631344e-02       1.439146812705e+04 
       4.193783150887e-02       1.431871618266e+04 
       4.215761640212e-02       1.424585879661e+04 
       4.238045606717e-02       1.417294905361e+04 
       4.260649438011e-02       1.409997772263e+04 
       4.283588478332e-02       1.402693282008e+04 
       4.306879113322e-02       1.395375666658e+04 
       4.330538864235e-02       1.388048925334e+04 
       4.354586492877e-02       1.380711606382e+04 
       4.379042118724e-02       1.373359495039e+04 
       4.403927349945e-02       1.365991511224e+04 
       4.429265430321e-02       1.358605966355e+04 
       4.455081404374e-02       1.351204541875e+04 
       4.481402303450e-02       1.343779510255e+04 
       4.508257355947e-02       1.336333170824e+04 
       4.535678225476e-02       1.328863966173e+04 
       4.563699281433e-02       1.321366920290e+04 
       4.592357907284e-02       1.313840075942e+04 
       4.621694852910e-02       1.306284045143e+04 
       4.651754638592e-02       1.298691602026e+04 
       4.682586019731e-02       1.291062687030e+04 
       4.714242523289e-02       1.283390959345e+04 
       4.746783069248e-02       1.275674547797e+04 
       4.780272693253e-02       1.267908652149e+04 
       4.814783390169e-02       1.260087750421e+04 
       4.850395102770e-02       1.252207692622e+04 
       4.887196885382e-02       1.244264446278e+04 
       4.925288279357e-02       1.236250317434e+04 
       4.964780946217e-02       1.228157730859e+04 
       5.005800615642e-02       1.219977967019e+04 
       5.048489419927e-02       1.211706163805e+04 
       5.093008704895e-02       1.203328447021e+04 
       5.139542430755e-02       1.194828698416e+04 
       5.188301306184e-02       1.186203214037e+04 
       5.239527836771e-02       1.177428639187e+04 
       5.293502516359e-02       1.168490143396e+04 
       5.350551448402e-02       1.159356127383e+04 
       5.411055754513e-02       1.150014089814e+04 
       5.475463206747e-02       1.140418805851e+04 
       5.544302600334e-02       1.130533087214e+04 
       5.618201442687e-02       1.120304217475e+04 
       5.697907523965e-02       1.109668424575e+04 
       5.784314752963e-02       1.098536417386e+04 
       5.878493090535e-02       1.086803504322e+04 
       5.981721119659e-02       1.074319310126e+04 
       6.095517113237e-02       1.060890261003e+04 
       6.221659412292e-02       1.046257343825e+04 
       6.362178368745e-02       1.030071240667e+04 
       6.519289809654e-02       1.011872980957e+04 
       6.695227740557e-02       9.910950426023e+03 
       6.891935459870e-02       9.670545768709e+03 
       7.110616366798e-02       9.390545766935e+03 
       7.351250762776e-02       9.065391047394e+03 
       7.612311571355e-02       8.693306039008e+03 
       7.890915404720e-02       8.278392350494e+03 
       8.183415749316e-02       7.831316914375e+03 
       8.486146799668e-02       7.367921983525e+03 
       8.795971577085e-02       6.906417983110e+03 
       9.110498633195e-02       6.464324745366e+03 
       9.428046055385e-02       6.056151749429e+03 
       9.747493299076e-02       5.691985107829e+03 
       1.006811964579e-01       5.377157418990e+03 
       1.038947177466e-01       5.112458828263e+03 
       1.071126849105e-01       4.894852127889e+03 
       1.103333685224e-01       4.718350779143e+03 
       1.135557104000e-01       4.574881657343e+03 
       1.167790650288e-01       4.455217172966e+03 
       1.200030392813e-01       4.349812596241e+03 
       1.232273939115e-01       4.249683909529e+03 
       1.264519833249e-01       4.147077591988e+03 
       1.296767188650e-01       4.036263732706e+03 
       1.329015464760e-01       3.913825444311e+03 
       1.361264331275e-01       3.778762817815e+03 
       1.393513585677e-01       3.632387385782e+03 
       1.425763103163e-01       3.477822865891e+03 
       1.458012806247e-01       3.319390092712e+03 
       1.490262646290e-01       3.161927877420e+03 
       1.522512592287e-01       3.010150838378e+03 
       1.554762624050e-01       2.868150983397e+03 
       1.587012728063e-01       2.739007798650e+03 
       1.619262894950e-01       2.624623297042e+03 
       1.651513117941e-01       2.525663034690e+03 
       1.683763391923e-01       2.441648172383e+03 
       1.716013712864e-01       2.371118040916e+03 
       1.748264077453e-01       2.311874157471e+03 
       1.780514482880e-01       2.261218984069e+03 
       1.812764926691e-01       2.216247936425e+03 
       1.845015406701e-01       2.174401204153e+03 
       1.877265920934e-01       2.133079907599e+03 
       1.909516467584e-01       2.089785380920e+03 
       1.941767044988e-01       2.042996457290e+03 
       1.974017651606e-01       1.991960185827e+03 
       2.006268286004e-01       1.936687971962e+03 
       2.038518946846e-01       1.877878093146e+03 
       2.070769632882e-01       1.816725079292e+03 
       2.103020342941e-01       1.754713437614e+03 
       2.135271075925e-01       1.693383026338e+03 
       2.167521830802e-01       1.634159723856e+03 
       2.199772606601e-01       1.578226484205e+03 
       2.232023402409e-01       1.526459788122e+03 
       2.264274217364e-01       1.479407900992e+03 
       2.296525050654e-01       1.437287723953e+03 
       2.328775901511e-01       1.399989698718e+03 
       2.361026769212e-01       1.367113105509e+03 
       2.393277653070e-01       1.338016253758e+03 
       2.425528552437e-01       1.311873335523e+03 
       2.457779466698e-01       1.287764923890e+03 
       2.490030395271e-01       1.264779982828e+03 
       2.522281337603e-01       1.242094303094e+03 
       2.554532293169e-01       1.219047645302e+03 
       2.586783261473e-01       1.195178138594e+03 
       2.619034242040e-01       1.170236526057e+03 
       2.651285234420e-01       1.144178318518e+03 
       2.683536238185e-01       1.117140625165e+03 
       2.715787252927e-01       1.089408633948e+03 
       2.748038278256e-01       1.061388718852e+03 
       2.780289313803e-01       1.033541420903e+03 
       2.812540359214e-01       1.006346107304e+03 
       2.844791414152e-01       9.802345289499e+02 
       2.877042478293e-01       9.555574879545e+02 
       2.909293551332e-01       9.325303330557e+02 
       2.941544632973e-01       9.112501331349e+02 
       2.973795722935e-01       8.916815246350e+02 
       3.006046820948e-01       8.736919844930e+02 
       3.038297926756e-01       8.570725069248e+02 
       3.070549040111e-01       8.415734799389e+02 
       3.102800160776e-01       8.269234405509e+02 
       3.135051288525e-01       8.128455359367e+02 
       3.167302423140e-01       7.990806612494e+02 
       3.199553564413e-01       7.854037899636e+02 
       3.231804712144e-01       7.716400630196e+02 
       3.264055866139e-01       7.576806770120e+02 
       3.296307026215e-01       7.434899410360e+02 
       3.328558192193e-01       7.290982544727e+02 
       3.360809363903e-01       7.145894710744e+02 
       3.393060541181e-01       7.000838582075e+02 
       3.425311723868e-01       6.857166107631e+02 
       3.457562911813e-01       6.716220082657e+02 
       3.489814104869e-01       6.579158841399e+02 
       3.522065302895e-01       6.447037930112e+02 
       3.554316505756e-01       6.320637086001e+02 
       3.586567713319e-01       6.200423690431e+02 
       3.618818925460e-01       6.086565560474e+02 
       3.651070142055e-01       5.978864352574e+02 
       3.683321362988e-01       5.876793105312e+02 
       3.715572588145e-01       5.779564858222e+02 
       3.747823817417e-01       5.686218806407e+02 
       3.780075050698e-01       5.595842960590e+02 
       3.812326287885e-01       5.507544370177e+02 
       3.844577528880e-01       5.420609170212e+02 
       3.876828773588e-01       5.334534951744e+02 
       3.909080021916e-01       5.248974782017e+02 
       3.941331273774e-01       5.163741055622e+02 
       3.973582529078e-01       5.078808449222e+02 
       4.005833787743e-01       4.994265453309e+02 
       4.038085049688e-01       4.910330022398e+02 
       4.070336314835e-01       4.827333843852e+02 
       4.102587583108e-01       4.745675849326e+02 
       4.134838854434e-01       4.665748183738e+02 
       4.167090128741e-01       4.587883152049e+02 
       4.199341405961e-01       4.512309724646e+02 
       4.231592686027e-01       4.439162747111e+02 
       4.263843968874e-01       4.368421967738e+02 
       4.296095254439e-01       4.300081938836e+02 
       4.328346542662e-01       4.234040905401e+02 
       4.360597833482e-01       4.170144793075e+02 
       4.392849126842e-01       4.108237694604e+02 
       4.425100422688e-01       4.048106234753e+02 
       4.457351720964e-01       3.989509920528e+02 
       4.489603021618e-01       3.932186190075e+02 
       4.521854324599e-01       3.875868173959e+02 
       4.554105629858e-01       3.820354028954e+02 
       4.586356937346e-01       3.765523478451e+02 
       4.618608247016e-01       3.711287096230e+02 
       4.650859558823e-01       3.657643149251e+02 
       4.683110872722e-01       3.604641749617e+02 
       4.715362188671e-01       3.552334969183e+02 
       4.747613506627e-01       3.500758900306e+02 
       4.779864826550e-01       3.450003609609e+02 
       4.812116148400e-01       3.400168221023e+02 
       4.844367472138e-01       3.351336533399e+02 
       4.876618797727e-01       3.303621632777e+02 
       4.908870125131e-01       3.257092048945e+02 
       4.941121454313e-01       3.211799074583e+02 
       4.973372785239e-01       3.167725169962e+02 
       5.005624117875e-01       3.124799749060e+02 
       5.037875452188e-01       3.082938066334e+02 
       5.070126788146e-01       3.042024455528e+02 
       5.102378125718e-01       3.001957374287e+02 
       5.134629464873e-01       2.962687500001e+02 
       5.166880805581e-01       2.924131671028e+02 
       5.199132147814e-01       2.886204109928e+02 
       5.231383491543e-01       2.848865298617e+02 
       5.263634836741e-01       2.812058007975e+02 
       5.295886183380e-01       2.775724617008e+02 
       5.328137531435e-01       2.739867489881e+02 
       5.360388880880e-01       2.704509945230e+02 
       5.392640231690e-01       2.669672700922e+02 
       5.424891583839e-01       2.635412012412e+02 
       5.457142937306e-01       2.601756683909e+02 
       5.489394292066e-01       2.568719113594e+02 
       5.521645648096e-01       2.536304611999e+02 
       5.553897005375e-01       2.504504409160e+02 
       5.586148363880e-01       2.473303943952e+02 
       5.618399723591e-01       2.442709064182e+02 
       5.650651084486e-01       2.412715456982e+02 
       5.682902446546e-01       2.383315064717e+02 
       5.715153809751e-01       2.354499009396e+02 
       5.747405174082e-01       2.326216730795e+02 
       5.779656539519e-01       2.298442882840e+02 
       5.811907906044e-01       2.271137691562e+02 
       5.844159273639e-01       2.244255902579e+02 
       5.876410642286e-01       2.217791422657e+02 
       5.908662011969e-01       2.191727647005e+02 
       5.940913382669e-01       2.166076476830e+02 
       5.973164754372e-01       2.140814110849e+02 
       6.005416127060e-01       2.115931844980e+02 
       6.037667500717e-01       2.091414520841e+02 
       6.069918875329e-01       2.067246728662e+02 
       6.102170250879e-01       2.043429775472e+02 
       6.134421627354e-01       2.019972443389e+02 
       6.166673004738e-01       1.996877535750e+02 
       6.198924383018e-01       1.974177559489e+02 
       6.231175762179e-01       1.951868817495e+02 
       6.263427142207e-01       1.929939254117e+02 
       6.295678523091e-01       1.908385479802e+02 
       6.327929904815e-01       1.887173041286e+02 
       6.360181287368e-01       1.866301370389e+02 
       6.392432670737e-01       1.845759080463e+02 
       6.424684054909e-01       1.825550852003e+02 
       6.456935439873e-01       1.805663246456e+02 
       6.489186825616e-01       1.786099807573e+02 
       6.521438212128e-01       1.766834642242e+02 
       6.553689599396e-01       1.747851356370e+02 
       6.585940987410e-01       1.729129422730e+02 
       6.618192376159e-01       1.710670785252e+02 
       6.650443765631e-01       1.692463216187e+02 
       6.682695155817e-01       1.674518172327e+02 
       6.714946546706e-01       1.656836322775e+02 
       6.747197938288e-01       1.639418962616e+02 
       6.779449330553e-01       1.622255578644e+02 
       6.811700723491e-01       1.605336926502e+02 
       6.843952117094e-01       1.588655654768e+02 
       6.876203511350e-01       1.572211981188e+02 
       6.908454906252e-01       1.556000514650e+02 
       6.940706301790e-01       1.540029574020e+02 
       6.972957697956e-01       1.524300629531e+02 
       7.005209094740e-01       1.508813012012e+02 
       7.037460492135e-01       1.493553980355e+02 
       7.069711890131e-01       1.478514241150e+02 
       7.101963288721e-01       1.463681381130e+02 
       7.134214687897e-01       1.449052137160e+02 
       7.166466087650e-01       1.434623018930e+02 
       7.198717487973e-01       1.420394330696e+02 
       7.230968888858e-01       1.406368499956e+02 
       7.263220290298e-01       1.392538280967e+02 
       7.295471692285e-01       1.378901461136e+02 
       7.327723094813e-01       1.365444235383e+02 
       7.359974497873e-01       1.352159477459e+02 
       7.392225901459e-01       1.339044477557e+02 
       7.424477305565e-01       1.326102535200e+02 
       7.456728710182e-01       1.313335459634e+02 
       7.488980115306e-01       1.300745371679e+02 
       7.521231520928e-01       1.288331454484e+02 
       7.553482927044e-01       1.276084818299e+02 
       8.249383529622e-01       1.047090263554e+02 
       9.253894405947e-01       8.068326789006e+01 
       1.084768297024e+00       5.599390342794e+01 
       1.337410292515e+00       3.432703116440e+01 
       1.681301408394e+00       1.991867612215e+01 
       2.116590533360e+00       1.141565512777e+01 
       2.664629462623e+00       6.488716581172e+00 
       3.354569743442e+00       3.660979476197e+00 
       4.223153095655e+00       2.051646437590e+00 
       5.316634750018e+00       1.142721869169e+00 
       6.693246592025e+00       6.329032386162e-01 
       7.418397626113e+00       4.852524613132e-01 
       8.426298222105e+00       3.487384561307e-01 
       1.060808095916e+01       1.912493912615e-01 
       1.335478268986e+01       1.044238569930e-01 
       1.681267529726e+01       5.678361077222e-02 
       2.116590417196e+01       3.075984875708e-02 
       2.664629462568e+01       1.660214651316e-02 
       3.354569743442e+01       8.929221393430e-03 
       4.223153095655e+01       4.785659084716e-03 
       5.316634750018e+01       2.555556173944e-03 
       6.693246592025e+01       1.359291964473e-03 
